375,35
301,3
301,2
301,1
301,0
300,5
300,4
300,3
300,2
300,1
300,0
299,6
299,5
299,4
299,3
10,126
299,2
299,1
10,175
299,0
298,3
10,76
298,2
298,1
10,75
298,0
297,3
10,190
297,2
297,1
10,209
297,0
296,3
10,173
296,2
296,1
10,168
296,0
295,3
295,2
295,1
11,11
295,0
11,8
294,3
11,7
294,2
294,1
11,21
11,5
294,0
293,3
293,2
293,1
9,5
293,0
292,5
292,4
292,3
292,2
292,1
8,18
8,13
292,0
291,4
291,3
291,2
291,1
291,0
290,3
290,2
290,1
290,0
289,3
289,2
289,1
289,0
288,5
288,4
288,3
288,2
288,1
288,0
287,3
287,2
287,1
287,0
286,3
286,2
286,1
286,0
195,4
143,6
143,5
143,4
143,1
135,5
135,4
41,7
41,1
30,6
30,5
30,1
20,3
20,2
20,1
19,3
19,2
19,1
14,36
14,35
14,34
14,33
14,32
14,31
14,30
12,3
12,2
18,1
12,1
18,3
11,30
11,27
11,25
11,17
11,12
14,6
14,1
11,9
11,3
11,2
14,9
11,1
10,1
14,3
10,100
13,1
10,3
13,5
10,2
9,7
9,6
13,3
9,4
9,3
9,2
9,1
8,17
8,16
8,15
8,14
8,12
8,11
8,10
8,9
8,8
8,7
8,5
8,4
8,3
8,2
8,1
2,2
2,3
2,1
0,318
0,0
375,34
375,33
375,32
375,31
375,30
375,29
375,28
375,27
375,26
375,25
375,24
375,23
375,22
